277, 
12056, 
191, 
12163, 
237, 
12065, 
70, 
341, 
185, 
170, 
180, 
12276, 
12044, 
301, 
12035, 
12064, 
365, 
12204, 
11976, 
67, 
303, 
12057, 
12074, 
335, 
256, 
12044, 
125, 
88, 
305, 
11953, 
12099, 
12171, 
12200, 
12185, 
12211, 
88, 
268, 
290, 
12252, 
12176, 
158, 
12274, 
12014, 
184, 
109, 
104, 
301, 
268, 
12241, 
159, 
11926, 
12159, 
279, 
11933, 
373, 
294, 
382, 
353, 
227, 
11949, 
12100, 
366, 
207, 
12175, 
12111, 
253, 
12209, 
12049, 
12009, 
223, 
188, 
12190, 
12080, 
12260, 
323, 
11918, 
12039, 
217, 
12063, 
15, 
12057, 
12012, 
12127, 
265, 
12042, 
12271, 
330, 
362, 
117, 
11985, 
189, 
12243, 
363, 
12035, 
12095, 
12136, 
267, 
12050, 
16, 
12154, 
