2 *** 3
1, 0, 
2 *** 4
1, 0, 
2 *** 19
1, 0, 
2 *** 20
1, 0, 
3 *** 4
1, 0, 
3 *** 19
1, 0, 
3 *** 20
1, 0, 
4 *** 19
1, 0, 
4 *** 20
0, 1, 
19 *** 20
0, 1, 
5 *** 6
1, 0, 
5 *** 21
0, 1, 
5 *** 22
1, 0, 
5 *** 23
1, 0, 
5 *** 37
1, 0, 
5 *** 38
1, 0, 
5 *** 39
1, 0, 
5 *** 55
1, 0, 
6 *** 21
0, 1, 
6 *** 22
0, 1, 
6 *** 23
1, 0, 
6 *** 37
1, 0, 
6 *** 38
0, 1, 
6 *** 39
1, 0, 
6 *** 55
1, 0, 
21 *** 22
1, 0, 
21 *** 23
1, 0, 
21 *** 37
1, 0, 
21 *** 38
1, 0, 
21 *** 39
1, 0, 
21 *** 55
1, 0, 
22 *** 23
1, 0, 
22 *** 37
1, 0, 
22 *** 38
0, 1, 
22 *** 39
1, 0, 
22 *** 55
1, 0, 
23 *** 37
1, 0, 
23 *** 38
0, 1, 
23 *** 39
0, 1, 
23 *** 55
1, 0, 
37 *** 38
0, 1, 
37 *** 39
0, 1, 
37 *** 55
1, 0, 
38 *** 39
1, 0, 
38 *** 55
1, 0, 
39 *** 55
1, 0, 
8 *** 9
0, 1, 
10 *** 26
1, 0, 
11 *** 27
1, 0, 
12 *** 28
0, 1, 
12 *** 29
0, 1, 
12 *** 30
1, 0, 
12 *** 44
0, 1, 
12 *** 45
0, 1, 
12 *** 46
1, 0, 
12 *** 47
1, 0, 
12 *** 62
1, 0, 
12 *** 63
1, 0, 
28 *** 29
0, 1, 
28 *** 30
1, 0, 
28 *** 44
1, 0, 
28 *** 45
1, 0, 
28 *** 46
1, 0, 
28 *** 47
1, 0, 
28 *** 62
1, 0, 
28 *** 63
1, 0, 
29 *** 30
1, 0, 
29 *** 44
1, 0, 
29 *** 45
1, 0, 
29 *** 46
1, 0, 
29 *** 47
1, 0, 
29 *** 62
1, 0, 
29 *** 63
1, 0, 
30 *** 44
0, 1, 
30 *** 45
0, 1, 
30 *** 46
0, 1, 
30 *** 47
1, 0, 
30 *** 62
0, 1, 
30 *** 63
1, 0, 
44 *** 45
0, 1, 
44 *** 46
1, 0, 
44 *** 47
1, 0, 
44 *** 62
1, 0, 
44 *** 63
1, 0, 
45 *** 46
1, 0, 
45 *** 47
1, 0, 
45 *** 62
1, 0, 
45 *** 63
1, 0, 
46 *** 47
1, 0, 
46 *** 62
1, 0, 
46 *** 63
1, 0, 
47 *** 62
0, 1, 
47 *** 63
1, 0, 
62 *** 63
1, 0, 
13 *** 31
1, 0, 
18 *** 36
1, 0, 
24 *** 40
0, 1, 
24 *** 41
0, 1, 
24 *** 56
0, 1, 
24 *** 57
0, 1, 
24 *** 73
1, 0, 
40 *** 41
0, 1, 
40 *** 56
0, 1, 
40 *** 57
0, 1, 
40 *** 73
1, 0, 
41 *** 56
1, 0, 
41 *** 57
0, 1, 
41 *** 73
1, 0, 
56 *** 57
0, 1, 
56 *** 73
1, 0, 
57 *** 73
1, 0, 
25 *** 42
1, 0, 
25 *** 58
1, 0, 
25 *** 74
1, 0, 
42 *** 58
0, 1, 
42 *** 74
0, 1, 
58 *** 74
0, 1, 
34 *** 35
1, 0, 
34 *** 51
1, 0, 
34 *** 52
1, 0, 
34 *** 68
1, 0, 
35 *** 51
0, 1, 
35 *** 52
0, 1, 
35 *** 68
0, 1, 
51 *** 52
1, 0, 
51 *** 68
1, 0, 
52 *** 68
1, 0, 
48 *** 64
0, 1, 
48 *** 80
0, 1, 
64 *** 80
1, 0, 
49 *** 67
0, 1, 
53 *** 69
0, 1, 
53 *** 70
0, 1, 
53 *** 71
1, 0, 
53 *** 85
0, 1, 
53 *** 86
0, 1, 
53 *** 87
0, 1, 
53 *** 102
0, 1, 
53 *** 103
0, 1, 
69 *** 70
1, 0, 
69 *** 71
1, 0, 
69 *** 85
1, 0, 
69 *** 86
1, 0, 
69 *** 87
1, 0, 
69 *** 102
1, 0, 
69 *** 103
1, 0, 
70 *** 71
1, 0, 
70 *** 85
0, 1, 
70 *** 86
1, 0, 
70 *** 87
1, 0, 
70 *** 102
1, 0, 
70 *** 103
1, 0, 
71 *** 85
0, 1, 
71 *** 86
0, 1, 
71 *** 87
0, 1, 
71 *** 102
0, 1, 
71 *** 103
0, 1, 
85 *** 86
1, 0, 
85 *** 87
1, 0, 
85 *** 102
1, 0, 
85 *** 103
1, 0, 
86 *** 87
1, 0, 
86 *** 102
1, 0, 
86 *** 103
1, 0, 
87 *** 102
0, 1, 
87 *** 103
1, 0, 
102 *** 103
1, 0, 
54 *** 72
1, 0, 
59 *** 75
0, 1, 
59 *** 91
1, 0, 
75 *** 91
1, 0, 
60 *** 76
0, 1, 
60 *** 77
0, 1, 
60 *** 78
1, 0, 
60 *** 92
0, 1, 
60 *** 93
0, 1, 
60 *** 94
1, 0, 
60 *** 95
1, 0, 
60 *** 109
1, 0, 
60 *** 110
1, 0, 
60 *** 111
1, 0, 
60 *** 127
1, 0, 
76 *** 77
1, 0, 
76 *** 78
1, 0, 
76 *** 92
0, 1, 
76 *** 93
0, 1, 
76 *** 94
1, 0, 
76 *** 95
1, 0, 
76 *** 109
1, 0, 
76 *** 110
1, 0, 
76 *** 111
1, 0, 
76 *** 127
1, 0, 
77 *** 78
1, 0, 
77 *** 92
0, 1, 
77 *** 93
0, 1, 
77 *** 94
1, 0, 
77 *** 95
1, 0, 
77 *** 109
1, 0, 
77 *** 110
1, 0, 
77 *** 111
1, 0, 
77 *** 127
1, 0, 
78 *** 92
0, 1, 
78 *** 93
0, 1, 
78 *** 94
0, 1, 
78 *** 95
1, 0, 
78 *** 109
1, 0, 
78 *** 110
0, 1, 
78 *** 111
1, 0, 
78 *** 127
1, 0, 
92 *** 93
0, 1, 
92 *** 94
1, 0, 
92 *** 95
1, 0, 
92 *** 109
1, 0, 
92 *** 110
1, 0, 
92 *** 111
1, 0, 
92 *** 127
1, 0, 
93 *** 94
1, 0, 
93 *** 95
1, 0, 
93 *** 109
1, 0, 
93 *** 110
1, 0, 
93 *** 111
1, 0, 
93 *** 127
1, 0, 
94 *** 95
1, 0, 
94 *** 109
1, 0, 
94 *** 110
0, 1, 
94 *** 111
1, 0, 
94 *** 127
1, 0, 
95 *** 109
0, 1, 
95 *** 110
0, 1, 
95 *** 111
0, 1, 
95 *** 127
1, 0, 
109 *** 110
0, 1, 
109 *** 111
1, 0, 
109 *** 127
1, 0, 
110 *** 111
1, 0, 
110 *** 127
1, 0, 
111 *** 127
1, 0, 
61 *** 79
1, 0, 
65 *** 66
1, 0, 
65 *** 81
1, 0, 
65 *** 82
1, 0, 
65 *** 83
0, 1, 
65 *** 84
1, 0, 
65 *** 98
1, 0, 
65 *** 99
1, 0, 
65 *** 100
1, 0, 
65 *** 116
1, 0, 
66 *** 81
0, 1, 
66 *** 82
0, 1, 
66 *** 83
0, 1, 
66 *** 84
1, 0, 
66 *** 98
0, 1, 
66 *** 99
0, 1, 
66 *** 100
0, 1, 
66 *** 116
0, 1, 
81 *** 82
0, 1, 
81 *** 83
0, 1, 
81 *** 84
1, 0, 
81 *** 98
1, 0, 
81 *** 99
0, 1, 
81 *** 100
0, 1, 
81 *** 116
1, 0, 
82 *** 83
0, 1, 
82 *** 84
1, 0, 
82 *** 98
1, 0, 
82 *** 99
1, 0, 
82 *** 100
1, 0, 
82 *** 116
1, 0, 
83 *** 84
1, 0, 
83 *** 98
1, 0, 
83 *** 99
1, 0, 
83 *** 100
1, 0, 
83 *** 116
1, 0, 
84 *** 98
0, 1, 
84 *** 99
0, 1, 
84 *** 100
0, 1, 
84 *** 116
0, 1, 
98 *** 99
0, 1, 
98 *** 100
0, 1, 
98 *** 116
1, 0, 
99 *** 100
0, 1, 
99 *** 116
1, 0, 
100 *** 116
1, 0, 
88 *** 89
1, 0, 
88 *** 104
1, 0, 
88 *** 105
0, 1, 
88 *** 120
1, 0, 
88 *** 121
0, 1, 
89 *** 104
0, 1, 
89 *** 105
0, 1, 
89 *** 120
0, 1, 
89 *** 121
0, 1, 
104 *** 105
0, 1, 
104 *** 120
1, 0, 
104 *** 121
0, 1, 
105 *** 120
1, 0, 
105 *** 121
1, 0, 
120 *** 121
0, 1, 
96 *** 112
0, 1, 
96 *** 128
0, 1, 
112 *** 128
0, 1, 
97 *** 115
0, 1, 
101 *** 117
1, 0, 
101 *** 118
1, 0, 
101 *** 134
1, 0, 
117 *** 118
0, 1, 
117 *** 134
1, 0, 
118 *** 134
1, 0, 
106 *** 122
1, 0, 
106 *** 138
1, 0, 
122 *** 138
1, 0, 
107 *** 123
0, 1, 
107 *** 139
0, 1, 
123 *** 139
1, 0, 
108 *** 126
1, 0, 
113 *** 114
1, 0, 
113 *** 129
0, 1, 
113 *** 130
0, 1, 
113 *** 131
0, 1, 
113 *** 132
1, 0, 
113 *** 145
1, 0, 
113 *** 146
0, 1, 
113 *** 147
0, 1, 
113 *** 148
0, 1, 
113 *** 163
1, 0, 
113 *** 164
0, 1, 
114 *** 129
0, 1, 
114 *** 130
0, 1, 
114 *** 131
0, 1, 
114 *** 132
1, 0, 
114 *** 145
1, 0, 
114 *** 146
0, 1, 
114 *** 147
0, 1, 
114 *** 148
0, 1, 
114 *** 163
1, 0, 
114 *** 164
0, 1, 
129 *** 130
1, 0, 
129 *** 131
1, 0, 
129 *** 132
1, 0, 
129 *** 145
1, 0, 
129 *** 146
0, 1, 
129 *** 147
0, 1, 
129 *** 148
1, 0, 
129 *** 163
1, 0, 
129 *** 164
1, 0, 
130 *** 131
1, 0, 
130 *** 132
1, 0, 
130 *** 145
1, 0, 
130 *** 146
0, 1, 
130 *** 147
0, 1, 
130 *** 148
1, 0, 
130 *** 163
1, 0, 
130 *** 164
1, 0, 
131 *** 132
1, 0, 
131 *** 145
1, 0, 
131 *** 146
0, 1, 
131 *** 147
0, 1, 
131 *** 148
0, 1, 
131 *** 163
1, 0, 
131 *** 164
0, 1, 
132 *** 145
1, 0, 
132 *** 146
0, 1, 
132 *** 147
0, 1, 
132 *** 148
0, 1, 
132 *** 163
1, 0, 
132 *** 164
0, 1, 
145 *** 146
0, 1, 
145 *** 147
0, 1, 
145 *** 148
0, 1, 
145 *** 163
0, 1, 
145 *** 164
0, 1, 
146 *** 147
0, 1, 
146 *** 148
1, 0, 
146 *** 163
1, 0, 
146 *** 164
1, 0, 
147 *** 148
1, 0, 
147 *** 163
1, 0, 
147 *** 164
1, 0, 
148 *** 163
1, 0, 
148 *** 164
0, 1, 
163 *** 164
0, 1, 
124 *** 125
1, 0, 
124 *** 140
1, 0, 
124 *** 141
0, 1, 
124 *** 142
1, 0, 
124 *** 143
1, 0, 
124 *** 156
1, 0, 
124 *** 157
1, 0, 
124 *** 158
1, 0, 
124 *** 159
1, 0, 
124 *** 174
1, 0, 
124 *** 175
1, 0, 
125 *** 140
0, 1, 
125 *** 141
0, 1, 
125 *** 142
1, 0, 
125 *** 143
1, 0, 
125 *** 156
0, 1, 
125 *** 157
0, 1, 
125 *** 158
1, 0, 
125 *** 159
1, 0, 
125 *** 174
1, 0, 
125 *** 175
1, 0, 
140 *** 141
0, 1, 
140 *** 142
1, 0, 
140 *** 143
1, 0, 
140 *** 156
1, 0, 
140 *** 157
1, 0, 
140 *** 158
1, 0, 
140 *** 159
1, 0, 
140 *** 174
1, 0, 
140 *** 175
1, 0, 
141 *** 142
1, 0, 
141 *** 143
1, 0, 
141 *** 156
1, 0, 
141 *** 157
1, 0, 
141 *** 158
1, 0, 
141 *** 159
1, 0, 
141 *** 174
1, 0, 
141 *** 175
1, 0, 
142 *** 143
1, 0, 
142 *** 156
0, 1, 
142 *** 157
0, 1, 
142 *** 158
1, 0, 
142 *** 159
1, 0, 
142 *** 174
1, 0, 
142 *** 175
1, 0, 
143 *** 156
0, 1, 
143 *** 157
0, 1, 
143 *** 158
0, 1, 
143 *** 159
0, 1, 
143 *** 174
0, 1, 
143 *** 175
0, 1, 
156 *** 157
0, 1, 
156 *** 158
1, 0, 
156 *** 159
1, 0, 
156 *** 174
1, 0, 
156 *** 175
1, 0, 
157 *** 158
1, 0, 
157 *** 159
1, 0, 
157 *** 174
1, 0, 
157 *** 175
1, 0, 
158 *** 159
1, 0, 
158 *** 174
1, 0, 
158 *** 175
1, 0, 
159 *** 174
0, 1, 
159 *** 175
1, 0, 
174 *** 175
1, 0, 
136 *** 137
0, 1, 
136 *** 153
0, 1, 
137 *** 153
0, 1, 
149 *** 150
1, 0, 
149 *** 165
0, 1, 
149 *** 166
1, 0, 
149 *** 181
1, 0, 
149 *** 182
1, 0, 
150 *** 165
0, 1, 
150 *** 166
0, 1, 
150 *** 181
1, 0, 
150 *** 182
0, 1, 
165 *** 166
1, 0, 
165 *** 181
1, 0, 
165 *** 182
1, 0, 
166 *** 181
1, 0, 
166 *** 182
0, 1, 
181 *** 182
0, 1, 
154 *** 170
0, 1, 
155 *** 171
0, 1, 
155 *** 187
0, 1, 
171 *** 187
0, 1, 
160 *** 176
1, 0, 
160 *** 192
1, 0, 
176 *** 192
1, 0, 
161 *** 177
0, 1, 
161 *** 178
0, 1, 
161 *** 179
0, 1, 
161 *** 193
0, 1, 
161 *** 194
0, 1, 
161 *** 195
0, 1, 
161 *** 196
0, 1, 
161 *** 210
0, 1, 
161 *** 211
0, 1, 
161 *** 212
0, 1, 
161 *** 228
0, 1, 
177 *** 178
0, 1, 
177 *** 179
1, 0, 
177 *** 193
1, 0, 
177 *** 194
1, 0, 
177 *** 195
0, 1, 
177 *** 196
1, 0, 
177 *** 210
1, 0, 
177 *** 211
1, 0, 
177 *** 212
1, 0, 
177 *** 228
1, 0, 
178 *** 179
1, 0, 
178 *** 193
1, 0, 
178 *** 194
1, 0, 
178 *** 195
0, 1, 
178 *** 196
1, 0, 
178 *** 210
1, 0, 
178 *** 211
1, 0, 
178 *** 212
1, 0, 
178 *** 228
1, 0, 
179 *** 193
0, 1, 
179 *** 194
0, 1, 
179 *** 195
0, 1, 
179 *** 196
0, 1, 
179 *** 210
0, 1, 
179 *** 211
0, 1, 
179 *** 212
0, 1, 
179 *** 228
0, 1, 
193 *** 194
0, 1, 
193 *** 195
0, 1, 
193 *** 196
0, 1, 
193 *** 210
1, 0, 
193 *** 211
0, 1, 
193 *** 212
0, 1, 
193 *** 228
1, 0, 
194 *** 195
0, 1, 
194 *** 196
1, 0, 
194 *** 210
1, 0, 
194 *** 211
1, 0, 
194 *** 212
1, 0, 
194 *** 228
1, 0, 
195 *** 196
1, 0, 
195 *** 210
1, 0, 
195 *** 211
1, 0, 
195 *** 212
1, 0, 
195 *** 228
1, 0, 
196 *** 210
1, 0, 
196 *** 211
1, 0, 
196 *** 212
1, 0, 
196 *** 228
1, 0, 
210 *** 211
0, 1, 
210 *** 212
0, 1, 
210 *** 228
1, 0, 
211 *** 212
0, 1, 
211 *** 228
1, 0, 
212 *** 228
1, 0, 
162 *** 180
1, 0, 
167 *** 183
0, 1, 
167 *** 199
1, 0, 
183 *** 199
1, 0, 
168 *** 184
0, 1, 
168 *** 200
0, 1, 
184 *** 200
0, 1, 
172 *** 173
0, 1, 
172 *** 188
0, 1, 
172 *** 189
0, 1, 
172 *** 190
1, 0, 
172 *** 191
1, 0, 
172 *** 205
0, 1, 
172 *** 206
1, 0, 
172 *** 207
1, 0, 
172 *** 223
1, 0, 
173 *** 188
0, 1, 
173 *** 189
0, 1, 
173 *** 190
1, 0, 
173 *** 191
1, 0, 
173 *** 205
0, 1, 
173 *** 206
1, 0, 
173 *** 207
1, 0, 
173 *** 223
1, 0, 
188 *** 189
1, 0, 
188 *** 190
1, 0, 
188 *** 191
1, 0, 
188 *** 205
0, 1, 
188 *** 206
1, 0, 
188 *** 207
1, 0, 
188 *** 223
1, 0, 
189 *** 190
1, 0, 
189 *** 191
1, 0, 
189 *** 205
0, 1, 
189 *** 206
1, 0, 
189 *** 207
1, 0, 
189 *** 223
1, 0, 
190 *** 191
1, 0, 
190 *** 205
0, 1, 
190 *** 206
0, 1, 
190 *** 207
1, 0, 
190 *** 223
1, 0, 
191 *** 205
0, 1, 
191 *** 206
0, 1, 
191 *** 207
0, 1, 
191 *** 223
0, 1, 
205 *** 206
1, 0, 
205 *** 207
1, 0, 
205 *** 223
1, 0, 
206 *** 207
1, 0, 
206 *** 223
1, 0, 
207 *** 223
0, 1, 
185 *** 201
0, 1, 
185 *** 217
1, 0, 
201 *** 217
1, 0, 
186 *** 202
0, 1, 
186 *** 203
0, 1, 
186 *** 218
0, 1, 
186 *** 219
0, 1, 
186 *** 220
1, 0, 
186 *** 235
1, 0, 
186 *** 236
1, 0, 
202 *** 203
0, 1, 
202 *** 218
0, 1, 
202 *** 219
0, 1, 
202 *** 220
1, 0, 
202 *** 235
1, 0, 
202 *** 236
1, 0, 
203 *** 218
1, 0, 
203 *** 219
0, 1, 
203 *** 220
1, 0, 
203 *** 235
1, 0, 
203 *** 236
1, 0, 
218 *** 219
0, 1, 
218 *** 220
1, 0, 
218 *** 235
1, 0, 
218 *** 236
1, 0, 
219 *** 220
1, 0, 
219 *** 235
1, 0, 
219 *** 236
1, 0, 
220 *** 235
1, 0, 
220 *** 236
0, 1, 
235 *** 236
0, 1, 
197 *** 213
0, 1, 
197 *** 214
0, 1, 
197 *** 229
0, 1, 
197 *** 230
0, 1, 
197 *** 246
0, 1, 
197 *** 263
0, 1, 
197 *** 279
0, 1, 
213 *** 214
1, 0, 
213 *** 229
1, 0, 
213 *** 230
1, 0, 
213 *** 246
1, 0, 
213 *** 263
0, 1, 
213 *** 279
0, 1, 
214 *** 229
0, 1, 
214 *** 230
1, 0, 
214 *** 246
1, 0, 
214 *** 263
0, 1, 
214 *** 279
0, 1, 
229 *** 230
1, 0, 
229 *** 246
1, 0, 
229 *** 263
0, 1, 
229 *** 279
0, 1, 
230 *** 246
1, 0, 
230 *** 263
0, 1, 
230 *** 279
0, 1, 
246 *** 263
0, 1, 
246 *** 279
0, 1, 
263 *** 279
0, 1, 
204 *** 221
0, 1, 
204 *** 222
1, 0, 
204 *** 238
1, 0, 
204 *** 239
1, 0, 
204 *** 255
1, 0, 
221 *** 222
1, 0, 
221 *** 238
1, 0, 
221 *** 239
1, 0, 
221 *** 255
1, 0, 
222 *** 238
0, 1, 
222 *** 239
1, 0, 
222 *** 255
1, 0, 
238 *** 239
1, 0, 
238 *** 255
1, 0, 
239 *** 255
0, 1, 
208 *** 224
0, 1, 
209 *** 225
0, 1, 
209 *** 226
1, 0, 
209 *** 227
0, 1, 
209 *** 241
0, 1, 
209 *** 242
0, 1, 
209 *** 243
0, 1, 
209 *** 244
1, 0, 
209 *** 259
0, 1, 
209 *** 260
0, 1, 
225 *** 226
1, 0, 
225 *** 227
1, 0, 
225 *** 241
0, 1, 
225 *** 242
0, 1, 
225 *** 243
0, 1, 
225 *** 244
1, 0, 
225 *** 259
0, 1, 
225 *** 260
0, 1, 
226 *** 227
0, 1, 
226 *** 241
0, 1, 
226 *** 242
0, 1, 
226 *** 243
0, 1, 
226 *** 244
1, 0, 
226 *** 259
0, 1, 
226 *** 260
0, 1, 
227 *** 241
0, 1, 
227 *** 242
0, 1, 
227 *** 243
0, 1, 
227 *** 244
1, 0, 
227 *** 259
0, 1, 
227 *** 260
0, 1, 
241 *** 242
1, 0, 
241 *** 243
1, 0, 
241 *** 244
1, 0, 
241 *** 259
0, 1, 
241 *** 260
1, 0, 
242 *** 243
1, 0, 
242 *** 244
1, 0, 
242 *** 259
0, 1, 
242 *** 260
1, 0, 
243 *** 244
1, 0, 
243 *** 259
0, 1, 
243 *** 260
0, 1, 
244 *** 259
0, 1, 
244 *** 260
0, 1, 
259 *** 260
1, 0, 
215 *** 231
0, 1, 
215 *** 245
0, 1, 
215 *** 247
0, 1, 
215 *** 261
0, 1, 
215 *** 262
0, 1, 
215 *** 277
0, 1, 
215 *** 278
0, 1, 
231 *** 245
0, 1, 
231 *** 247
1, 0, 
231 *** 261
0, 1, 
231 *** 262
1, 0, 
231 *** 277
0, 1, 
231 *** 278
0, 1, 
245 *** 247
1, 0, 
245 *** 261
0, 1, 
245 *** 262
1, 0, 
245 *** 277
0, 1, 
245 *** 278
0, 1, 
247 *** 261
0, 1, 
247 *** 262
1, 0, 
247 *** 277
0, 1, 
247 *** 278
0, 1, 
261 *** 262
1, 0, 
261 *** 277
0, 1, 
261 *** 278
0, 1, 
262 *** 277
0, 1, 
262 *** 278
0, 1, 
277 *** 278
1, 0, 
232 *** 248
1, 0, 
232 *** 264
1, 0, 
248 *** 264
1, 0, 
233 *** 249
0, 1, 
233 *** 265
0, 1, 
249 *** 265
1, 0, 
234 *** 250
0, 1, 
234 *** 251
0, 1, 
234 *** 252
1, 0, 
234 *** 266
0, 1, 
234 *** 267
0, 1, 
234 *** 268
0, 1, 
234 *** 282
0, 1, 
234 *** 283
0, 1, 
234 *** 284
0, 1, 
250 *** 251
1, 0, 
250 *** 252
1, 0, 
250 *** 266
1, 0, 
250 *** 267
0, 1, 
250 *** 268
1, 0, 
250 *** 282
1, 0, 
250 *** 283
0, 1, 
250 *** 284
1, 0, 
251 *** 252
1, 0, 
251 *** 266
0, 1, 
251 *** 267
0, 1, 
251 *** 268
0, 1, 
251 *** 282
0, 1, 
251 *** 283
0, 1, 
251 *** 284
0, 1, 
252 *** 266
0, 1, 
252 *** 267
0, 1, 
252 *** 268
0, 1, 
252 *** 282
0, 1, 
252 *** 283
0, 1, 
252 *** 284
0, 1, 
266 *** 267
0, 1, 
266 *** 268
1, 0, 
266 *** 282
1, 0, 
266 *** 283
0, 1, 
266 *** 284
1, 0, 
267 *** 268
1, 0, 
267 *** 282
1, 0, 
267 *** 283
1, 0, 
267 *** 284
1, 0, 
268 *** 282
0, 1, 
268 *** 283
0, 1, 
268 *** 284
1, 0, 
282 *** 283
0, 1, 
282 *** 284
1, 0, 
283 *** 284
1, 0, 
237 *** 253
1, 0, 
237 *** 254
0, 1, 
237 *** 271
1, 0, 
253 *** 254
0, 1, 
253 *** 271
0, 1, 
254 *** 271
1, 0, 
240 *** 256
0, 1, 
240 *** 272
1, 0, 
256 *** 272
1, 0, 
257 *** 258
1, 0, 
257 *** 273
0, 1, 
257 *** 274
0, 1, 
257 *** 275
0, 1, 
257 *** 276
1, 0, 
258 *** 273
0, 1, 
258 *** 274
0, 1, 
258 *** 275
0, 1, 
258 *** 276
1, 0, 
273 *** 274
1, 0, 
273 *** 275
1, 0, 
273 *** 276
1, 0, 
274 *** 275
1, 0, 
274 *** 276
1, 0, 
275 *** 276
1, 0, 
269 *** 270
1, 0, 
269 *** 285
0, 1, 
269 *** 286
0, 1, 
269 *** 287
0, 1, 
269 *** 288
1, 0, 
270 *** 285
0, 1, 
270 *** 286
0, 1, 
270 *** 287
0, 1, 
270 *** 288
1, 0, 
285 *** 286
0, 1, 
285 *** 287
1, 0, 
285 *** 288
1, 0, 
286 *** 287
1, 0, 
286 *** 288
1, 0, 
287 *** 288
1, 0, 
