0, 
1, 
2, 3, 4, 19, 20, 
5, 6, 21, 22, 23, 37, 38, 39, 55, 
7, 
8, 9, 
10, 26, 
11, 27, 
12, 28, 29, 30, 44, 45, 46, 47, 62, 63, 
13, 31, 
14, 
15, 
16, 
17, 
18, 36, 
24, 40, 41, 56, 57, 73, 
25, 42, 58, 74, 
32, 
33, 
34, 35, 51, 52, 68, 
43, 
48, 64, 80, 
49, 67, 
50, 
53, 69, 70, 71, 85, 86, 87, 102, 103, 
54, 72, 
59, 75, 91, 
60, 76, 77, 78, 92, 93, 94, 95, 109, 110, 111, 127, 
61, 79, 
65, 66, 81, 82, 83, 84, 98, 99, 100, 116, 
88, 89, 104, 105, 120, 121, 
90, 
96, 112, 128, 
97, 115, 
101, 117, 118, 134, 
106, 122, 138, 
107, 123, 139, 
108, 126, 
113, 114, 129, 130, 131, 132, 145, 146, 147, 148, 163, 164, 
119, 
124, 125, 140, 141, 142, 143, 156, 157, 158, 159, 174, 175, 
133, 
135, 
136, 137, 153, 
144, 
149, 150, 165, 166, 181, 182, 
151, 
152, 
154, 170, 
155, 171, 187, 
160, 176, 192, 
161, 177, 178, 179, 193, 194, 195, 196, 210, 211, 212, 228, 
162, 180, 
167, 183, 199, 
168, 184, 200, 
169, 
172, 173, 188, 189, 190, 191, 205, 206, 207, 223, 
185, 201, 217, 
186, 202, 203, 218, 219, 220, 235, 236, 
197, 213, 214, 229, 230, 246, 263, 279, 
198, 
204, 221, 222, 238, 239, 255, 
208, 224, 
209, 225, 226, 227, 241, 242, 243, 244, 259, 260, 
215, 231, 245, 247, 261, 262, 277, 278, 
216, 
232, 248, 264, 
233, 249, 265, 
234, 250, 251, 252, 266, 267, 268, 282, 283, 284, 
237, 253, 254, 271, 
240, 256, 272, 
257, 258, 273, 274, 275, 276, 
269, 270, 285, 286, 287, 288, 
280, 
281, 
