2 *** 3
110, 
2 *** 4
110, 
2 *** 19
1, 
2 *** 20
110, 
3 *** 4
119, 
3 *** 19
1, 
3 *** 20
119, 
4 *** 19
1, 
4 *** 20
384, 
19 *** 20
1, 
5 *** 6
140, 
5 *** 21
307, 
5 *** 22
140, 
5 *** 23
140, 
5 *** 37
1, 
5 *** 38
140, 
5 *** 39
140, 
5 *** 55
1, 
6 *** 21
140, 
6 *** 22
256, 
6 *** 23
154, 
6 *** 37
1, 
6 *** 38
256, 
6 *** 39
154, 
6 *** 55
1, 
21 *** 22
140, 
21 *** 23
140, 
21 *** 37
1, 
21 *** 38
140, 
21 *** 39
140, 
21 *** 55
1, 
22 *** 23
154, 
22 *** 37
1, 
22 *** 38
384, 
22 *** 39
154, 
22 *** 55
1, 
23 *** 37
1, 
23 *** 38
154, 
23 *** 39
307, 
23 *** 55
1, 
37 *** 38
1, 
37 *** 39
1, 
37 *** 55
140, 
38 *** 39
154, 
38 *** 55
1, 
39 *** 55
1, 
8 *** 9
171, 
10 *** 26
154, 
11 *** 27
140, 
12 *** 28
128, 
12 *** 29
128, 
12 *** 30
1, 
12 *** 44
128, 
12 *** 45
128, 
12 *** 46
1, 
12 *** 47
1, 
12 *** 62
1, 
12 *** 63
1, 
28 *** 29
140, 
28 *** 30
1, 
28 *** 44
154, 
28 *** 45
154, 
28 *** 46
1, 
28 *** 47
1, 
28 *** 62
1, 
28 *** 63
1, 
29 *** 30
1, 
29 *** 44
140, 
29 *** 45
140, 
29 *** 46
1, 
29 *** 47
1, 
29 *** 62
1, 
29 *** 63
1, 
30 *** 44
1, 
30 *** 45
1, 
30 *** 46
128, 
30 *** 47
1, 
30 *** 62
128, 
30 *** 63
1, 
44 *** 45
171, 
44 *** 46
1, 
44 *** 47
1, 
44 *** 62
1, 
44 *** 63
1, 
45 *** 46
1, 
45 *** 47
1, 
45 *** 62
1, 
45 *** 63
1, 
46 *** 47
1, 
46 *** 62
154, 
46 *** 63
1, 
47 *** 62
1, 
47 *** 63
140, 
62 *** 63
1, 
13 *** 31
1, 
18 *** 36
110, 
24 *** 40
256, 
24 *** 41
192, 
24 *** 56
256, 
24 *** 57
192, 
24 *** 73
1, 
40 *** 41
192, 
40 *** 56
384, 
40 *** 57
192, 
40 *** 73
1, 
41 *** 56
192, 
41 *** 57
307, 
41 *** 73
1, 
56 *** 57
192, 
56 *** 73
1, 
57 *** 73
1, 
25 *** 42
220, 
25 *** 58
220, 
25 *** 74
220, 
42 *** 58
256, 
42 *** 74
256, 
58 *** 74
384, 
34 *** 35
1, 
34 *** 51
110, 
34 *** 52
110, 
34 *** 68
110, 
35 *** 51
1, 
35 *** 52
1, 
35 *** 68
1, 
51 *** 52
119, 
51 *** 68
119, 
52 *** 68
384, 
48 *** 64
128, 
48 *** 80
128, 
64 *** 80
154, 
49 *** 67
12287, 
53 *** 69
1, 
53 *** 70
1, 
53 *** 71
140, 
53 *** 85
1, 
53 *** 86
1, 
53 *** 87
1, 
53 *** 102
1, 
53 *** 103
1, 
69 *** 70
140, 
69 *** 71
1, 
69 *** 85
307, 
69 *** 86
140, 
69 *** 87
140, 
69 *** 102
140, 
69 *** 103
140, 
70 *** 71
1, 
70 *** 85
140, 
70 *** 86
384, 
70 *** 87
154, 
70 *** 102
256, 
70 *** 103
154, 
71 *** 85
1, 
71 *** 86
1, 
71 *** 87
1, 
71 *** 102
1, 
71 *** 103
1, 
85 *** 86
140, 
85 *** 87
140, 
85 *** 102
140, 
85 *** 103
140, 
86 *** 87
154, 
86 *** 102
256, 
86 *** 103
154, 
87 *** 102
154, 
87 *** 103
307, 
102 *** 103
154, 
54 *** 72
154, 
59 *** 75
307, 
59 *** 91
1, 
75 *** 91
1, 
60 *** 76
256, 
60 *** 77
256, 
60 *** 78
1, 
60 *** 92
256, 
60 *** 93
256, 
60 *** 94
1, 
60 *** 95
1, 
60 *** 109
1, 
60 *** 110
1, 
60 *** 111
1, 
60 *** 127
1, 
76 *** 77
307, 
76 *** 78
1, 
76 *** 92
384, 
76 *** 93
384, 
76 *** 94
1, 
76 *** 95
1, 
76 *** 109
1, 
76 *** 110
1, 
76 *** 111
1, 
76 *** 127
1, 
77 *** 78
1, 
77 *** 92
307, 
77 *** 93
307, 
77 *** 94
1, 
77 *** 95
1, 
77 *** 109
1, 
77 *** 110
1, 
77 *** 111
1, 
77 *** 127
1, 
78 *** 92
1, 
78 *** 93
1, 
78 *** 94
256, 
78 *** 95
1, 
78 *** 109
1, 
78 *** 110
256, 
78 *** 111
1, 
78 *** 127
1, 
92 *** 93
384, 
92 *** 94
1, 
92 *** 95
1, 
92 *** 109
1, 
92 *** 110
1, 
92 *** 111
1, 
92 *** 127
1, 
93 *** 94
1, 
93 *** 95
1, 
93 *** 109
1, 
93 *** 110
1, 
93 *** 111
1, 
93 *** 127
1, 
94 *** 95
1, 
94 *** 109
1, 
94 *** 110
384, 
94 *** 111
1, 
94 *** 127
1, 
95 *** 109
1, 
95 *** 110
1, 
95 *** 111
307, 
95 *** 127
1, 
109 *** 110
1, 
109 *** 111
1, 
109 *** 127
1, 
110 *** 111
1, 
110 *** 127
1, 
111 *** 127
1, 
61 *** 79
1, 
65 *** 66
128, 
65 *** 81
140, 
65 *** 82
140, 
65 *** 83
12287, 
65 *** 84
128, 
65 *** 98
140, 
65 *** 99
140, 
65 *** 100
140, 
65 *** 116
140, 
66 *** 81
128, 
66 *** 82
128, 
66 *** 83
128, 
66 *** 84
384, 
66 *** 98
128, 
66 *** 99
128, 
66 *** 100
128, 
66 *** 116
128, 
81 *** 82
154, 
81 *** 83
140, 
81 *** 84
128, 
81 *** 98
171, 
81 *** 99
12287, 
81 *** 100
154, 
81 *** 116
171, 
82 *** 83
140, 
82 *** 84
128, 
82 *** 98
154, 
82 *** 99
154, 
82 *** 100
384, 
82 *** 116
154, 
83 *** 84
128, 
83 *** 98
140, 
83 *** 99
140, 
83 *** 100
140, 
83 *** 116
140, 
84 *** 98
128, 
84 *** 99
128, 
84 *** 100
128, 
84 *** 116
128, 
98 *** 99
171, 
98 *** 100
154, 
98 *** 116
384, 
99 *** 100
154, 
99 *** 116
171, 
100 *** 116
154, 
88 *** 89
1, 
88 *** 104
384, 
88 *** 105
192, 
88 *** 120
256, 
88 *** 121
192, 
89 *** 104
1, 
89 *** 105
1, 
89 *** 120
1, 
89 *** 121
1, 
104 *** 105
192, 
104 *** 120
256, 
104 *** 121
192, 
105 *** 120
192, 
105 *** 121
307, 
120 *** 121
192, 
96 *** 112
256, 
96 *** 128
256, 
112 *** 128
384, 
97 *** 115
12287, 
101 *** 117
140, 
101 *** 118
140, 
101 *** 134
140, 
117 *** 118
154, 
117 *** 134
171, 
118 *** 134
154, 
106 *** 122
384, 
106 *** 138
256, 
122 *** 138
256, 
107 *** 123
1, 
107 *** 139
1, 
123 *** 139
307, 
108 *** 126
1, 
113 *** 114
256, 
113 *** 129
307, 
113 *** 130
307, 
113 *** 131
12287, 
113 *** 132
256, 
113 *** 145
1, 
113 *** 146
307, 
113 *** 147
307, 
113 *** 148
307, 
113 *** 163
1, 
113 *** 164
307, 
114 *** 129
256, 
114 *** 130
256, 
114 *** 131
256, 
114 *** 132
384, 
114 *** 145
1, 
114 *** 146
256, 
114 *** 147
256, 
114 *** 148
256, 
114 *** 163
1, 
114 *** 164
256, 
129 *** 130
384, 
129 *** 131
307, 
129 *** 132
256, 
129 *** 145
1, 
129 *** 146
12287, 
129 *** 147
12287, 
129 *** 148
384, 
129 *** 163
1, 
129 *** 164
384, 
130 *** 131
307, 
130 *** 132
256, 
130 *** 145
1, 
130 *** 146
384, 
130 *** 147
384, 
130 *** 148
384, 
130 *** 163
1, 
130 *** 164
384, 
131 *** 132
256, 
131 *** 145
1, 
131 *** 146
307, 
131 *** 147
307, 
131 *** 148
307, 
131 *** 163
1, 
131 *** 164
307, 
132 *** 145
1, 
132 *** 146
256, 
132 *** 147
256, 
132 *** 148
256, 
132 *** 163
1, 
132 *** 164
256, 
145 *** 146
1, 
145 *** 147
1, 
145 *** 148
1, 
145 *** 163
12287, 
145 *** 164
1, 
146 *** 147
12288, 
146 *** 148
384, 
146 *** 163
1, 
146 *** 164
384, 
147 *** 148
384, 
147 *** 163
1, 
147 *** 164
384, 
148 *** 163
1, 
148 *** 164
384, 
163 *** 164
1, 
124 *** 125
1, 
124 *** 140
384, 
124 *** 141
384, 
124 *** 142
1, 
124 *** 143
1, 
124 *** 156
256, 
124 *** 157
307, 
124 *** 158
1, 
124 *** 159
1, 
124 *** 174
1, 
124 *** 175
1, 
125 *** 140
1, 
125 *** 141
1, 
125 *** 142
1, 
125 *** 143
1, 
125 *** 156
1, 
125 *** 157
1, 
125 *** 158
1, 
125 *** 159
1, 
125 *** 174
1, 
125 *** 175
1, 
140 *** 141
384, 
140 *** 142
1, 
140 *** 143
1, 
140 *** 156
256, 
140 *** 157
307, 
140 *** 158
1, 
140 *** 159
1, 
140 *** 174
1, 
140 *** 175
1, 
141 *** 142
1, 
141 *** 143
1, 
141 *** 156
256, 
141 *** 157
307, 
141 *** 158
1, 
141 *** 159
1, 
141 *** 174
1, 
141 *** 175
1, 
142 *** 143
1, 
142 *** 156
1, 
142 *** 157
1, 
142 *** 158
384, 
142 *** 159
1, 
142 *** 174
256, 
142 *** 175
1, 
143 *** 156
1, 
143 *** 157
1, 
143 *** 158
1, 
143 *** 159
1, 
143 *** 174
1, 
143 *** 175
1, 
156 *** 157
256, 
156 *** 158
1, 
156 *** 159
1, 
156 *** 174
1, 
156 *** 175
1, 
157 *** 158
1, 
157 *** 159
1, 
157 *** 174
1, 
157 *** 175
1, 
158 *** 159
1, 
158 *** 174
256, 
158 *** 175
1, 
159 *** 174
1, 
159 *** 175
307, 
174 *** 175
1, 
136 *** 137
192, 
136 *** 153
171, 
137 *** 153
171, 
149 *** 150
256, 
149 *** 165
307, 
149 *** 166
256, 
149 *** 181
1, 
149 *** 182
256, 
150 *** 165
256, 
150 *** 166
256, 
150 *** 181
1, 
150 *** 182
256, 
165 *** 166
256, 
165 *** 181
1, 
165 *** 182
256, 
166 *** 181
1, 
166 *** 182
384, 
181 *** 182
1, 
154 *** 170
154, 
155 *** 171
171, 
155 *** 187
140, 
171 *** 187
140, 
160 *** 176
384, 
160 *** 192
256, 
176 *** 192
256, 
161 *** 177
1, 
161 *** 178
1, 
161 *** 179
12287, 
161 *** 193
1, 
161 *** 194
1, 
161 *** 195
1, 
161 *** 196
1, 
161 *** 210
1, 
161 *** 211
1, 
161 *** 212
1, 
161 *** 228
1, 
177 *** 178
12287, 
177 *** 179
1, 
177 *** 193
307, 
177 *** 194
384, 
177 *** 195
12287, 
177 *** 196
384, 
177 *** 210
256, 
177 *** 211
307, 
177 *** 212
384, 
177 *** 228
256, 
178 *** 179
1, 
178 *** 193
307, 
178 *** 194
384, 
178 *** 195
12288, 
178 *** 196
384, 
178 *** 210
256, 
178 *** 211
307, 
178 *** 212
384, 
178 *** 228
256, 
179 *** 193
1, 
179 *** 194
1, 
179 *** 195
1, 
179 *** 196
1, 
179 *** 210
1, 
179 *** 211
1, 
179 *** 212
1, 
179 *** 228
1, 
193 *** 194
307, 
193 *** 195
307, 
193 *** 196
307, 
193 *** 210
256, 
193 *** 211
12287, 
193 *** 212
307, 
193 *** 228
256, 
194 *** 195
384, 
194 *** 196
384, 
194 *** 210
256, 
194 *** 211
307, 
194 *** 212
384, 
194 *** 228
256, 
195 *** 196
384, 
195 *** 210
256, 
195 *** 211
307, 
195 *** 212
384, 
195 *** 228
256, 
196 *** 210
256, 
196 *** 211
307, 
196 *** 212
384, 
196 *** 228
256, 
210 *** 211
256, 
210 *** 212
256, 
210 *** 228
384, 
211 *** 212
307, 
211 *** 228
256, 
212 *** 228
256, 
162 *** 180
384, 
167 *** 183
307, 
167 *** 199
1, 
183 *** 199
1, 
168 *** 184
256, 
168 *** 200
256, 
184 *** 200
384, 
172 *** 173
192, 
172 *** 188
154, 
172 *** 189
171, 
172 *** 190
1, 
172 *** 191
1, 
172 *** 205
140, 
172 *** 206
1, 
172 *** 207
1, 
172 *** 223
1, 
173 *** 188
154, 
173 *** 189
171, 
173 *** 190
1, 
173 *** 191
1, 
173 *** 205
140, 
173 *** 206
1, 
173 *** 207
1, 
173 *** 223
1, 
188 *** 189
154, 
188 *** 190
1, 
188 *** 191
1, 
188 *** 205
140, 
188 *** 206
1, 
188 *** 207
1, 
188 *** 223
1, 
189 *** 190
1, 
189 *** 191
1, 
189 *** 205
140, 
189 *** 206
1, 
189 *** 207
1, 
189 *** 223
1, 
190 *** 191
1, 
190 *** 205
1, 
190 *** 206
154, 
190 *** 207
1, 
190 *** 223
1, 
191 *** 205
1, 
191 *** 206
1, 
191 *** 207
171, 
191 *** 223
140, 
205 *** 206
1, 
205 *** 207
1, 
205 *** 223
1, 
206 *** 207
1, 
206 *** 223
1, 
207 *** 223
140, 
185 *** 201
307, 
185 *** 217
1, 
201 *** 217
1, 
186 *** 202
256, 
186 *** 203
140, 
186 *** 218
256, 
186 *** 219
140, 
186 *** 220
128, 
186 *** 235
1, 
186 *** 236
128, 
202 *** 203
140, 
202 *** 218
384, 
202 *** 219
140, 
202 *** 220
128, 
202 *** 235
1, 
202 *** 236
128, 
203 *** 218
140, 
203 *** 219
307, 
203 *** 220
128, 
203 *** 235
1, 
203 *** 236
128, 
218 *** 219
140, 
218 *** 220
128, 
218 *** 235
1, 
218 *** 236
128, 
219 *** 220
128, 
219 *** 235
1, 
219 *** 236
128, 
220 *** 235
1, 
220 *** 236
384, 
235 *** 236
1, 
197 *** 213
1, 
197 *** 214
1, 
197 *** 229
1, 
197 *** 230
1, 
197 *** 246
1, 
197 *** 263
1, 
197 *** 279
1, 
213 *** 214
256, 
213 *** 229
307, 
213 *** 230
256, 
213 *** 246
256, 
213 *** 263
220, 
213 *** 279
171, 
214 *** 229
256, 
214 *** 230
384, 
214 *** 246
256, 
214 *** 263
220, 
214 *** 279
171, 
229 *** 230
256, 
229 *** 246
256, 
229 *** 263
220, 
229 *** 279
171, 
230 *** 246
256, 
230 *** 263
220, 
230 *** 279
171, 
246 *** 263
220, 
246 *** 279
171, 
263 *** 279
171, 
204 *** 221
119, 
204 *** 222
1, 
204 *** 238
1, 
204 *** 239
1, 
204 *** 255
1, 
221 *** 222
1, 
221 *** 238
1, 
221 *** 239
1, 
221 *** 255
1, 
222 *** 238
110, 
222 *** 239
1, 
222 *** 255
1, 
238 *** 239
1, 
238 *** 255
1, 
239 *** 255
103, 
208 *** 224
154, 
209 *** 225
171, 
209 *** 226
192, 
209 *** 227
12287, 
209 *** 241
140, 
209 *** 242
154, 
209 *** 243
171, 
209 *** 244
192, 
209 *** 259
140, 
209 *** 260
154, 
225 *** 226
171, 
225 *** 227
171, 
225 *** 241
140, 
225 *** 242
154, 
225 *** 243
12287, 
225 *** 244
171, 
225 *** 259
140, 
225 *** 260
154, 
226 *** 227
192, 
226 *** 241
140, 
226 *** 242
154, 
226 *** 243
171, 
226 *** 244
384, 
226 *** 259
140, 
226 *** 260
154, 
227 *** 241
140, 
227 *** 242
154, 
227 *** 243
171, 
227 *** 244
192, 
227 *** 259
140, 
227 *** 260
154, 
241 *** 242
140, 
241 *** 243
140, 
241 *** 244
140, 
241 *** 259
12287, 
241 *** 260
140, 
242 *** 243
154, 
242 *** 244
154, 
242 *** 259
140, 
242 *** 260
384, 
243 *** 244
171, 
243 *** 259
140, 
243 *** 260
154, 
244 *** 259
140, 
244 *** 260
154, 
259 *** 260
140, 
215 *** 231
1, 
215 *** 245
1, 
215 *** 247
1, 
215 *** 261
1, 
215 *** 262
1, 
215 *** 277
1, 
215 *** 278
1, 
231 *** 245
220, 
231 *** 247
307, 
231 *** 261
171, 
231 *** 262
192, 
231 *** 277
140, 
231 *** 278
154, 
245 *** 247
220, 
245 *** 261
171, 
245 *** 262
192, 
245 *** 277
140, 
245 *** 278
154, 
247 *** 261
171, 
247 *** 262
192, 
247 *** 277
140, 
247 *** 278
154, 
261 *** 262
171, 
261 *** 277
140, 
261 *** 278
154, 
262 *** 277
140, 
262 *** 278
154, 
277 *** 278
140, 
232 *** 248
384, 
232 *** 264
256, 
248 *** 264
256, 
233 *** 249
1, 
233 *** 265
1, 
249 *** 265
307, 
234 *** 250
1, 
234 *** 251
1, 
234 *** 252
128, 
234 *** 266
1, 
234 *** 267
1, 
234 *** 268
1, 
234 *** 282
1, 
234 *** 283
1, 
234 *** 284
1, 
250 *** 251
1, 
250 *** 252
1, 
250 *** 266
384, 
250 *** 267
140, 
250 *** 268
128, 
250 *** 282
256, 
250 *** 283
140, 
250 *** 284
128, 
251 *** 252
1, 
251 *** 266
1, 
251 *** 267
1, 
251 *** 268
1, 
251 *** 282
1, 
251 *** 283
1, 
251 *** 284
1, 
252 *** 266
1, 
252 *** 267
1, 
252 *** 268
1, 
252 *** 282
1, 
252 *** 283
1, 
252 *** 284
1, 
266 *** 267
140, 
266 *** 268
128, 
266 *** 282
256, 
266 *** 283
140, 
266 *** 284
128, 
267 *** 268
128, 
267 *** 282
140, 
267 *** 283
307, 
267 *** 284
128, 
268 *** 282
128, 
268 *** 283
128, 
268 *** 284
384, 
282 *** 283
140, 
282 *** 284
128, 
283 *** 284
128, 
237 *** 253
1, 
237 *** 254
110, 
237 *** 271
1, 
253 *** 254
1, 
253 *** 271
103, 
254 *** 271
1, 
240 *** 256
110, 
240 *** 272
96, 
256 *** 272
96, 
257 *** 258
119, 
257 *** 273
103, 
257 *** 274
110, 
257 *** 275
12287, 
257 *** 276
119, 
258 *** 273
103, 
258 *** 274
110, 
258 *** 275
119, 
258 *** 276
384, 
273 *** 274
103, 
273 *** 275
103, 
273 *** 276
103, 
274 *** 275
110, 
274 *** 276
110, 
275 *** 276
119, 
269 *** 270
1, 
269 *** 285
1, 
269 *** 286
1, 
269 *** 287
103, 
269 *** 288
1, 
270 *** 285
1, 
270 *** 286
1, 
270 *** 287
1, 
270 *** 288
96, 
285 *** 286
110, 
285 *** 287
1, 
285 *** 288
1, 
286 *** 287
1, 
286 *** 288
1, 
287 *** 288
1, 
