2 *** 3
0, 
2 *** 4
0, 
2 *** 19
0, 
2 *** 20
0, 
3 *** 4
0, 
3 *** 19
0, 
3 *** 20
0, 
4 *** 19
0, 
4 *** 20
3, 
19 *** 20
0, 
5 *** 6
0, 
5 *** 21
4, 
5 *** 22
0, 
5 *** 23
0, 
5 *** 37
0, 
5 *** 38
0, 
5 *** 39
0, 
5 *** 55
0, 
6 *** 21
0, 
6 *** 22
3, 
6 *** 23
0, 
6 *** 37
0, 
6 *** 38
3, 
6 *** 39
0, 
6 *** 55
0, 
21 *** 22
0, 
21 *** 23
0, 
21 *** 37
0, 
21 *** 38
0, 
21 *** 39
0, 
21 *** 55
0, 
22 *** 23
0, 
22 *** 37
0, 
22 *** 38
3, 
22 *** 39
0, 
22 *** 55
0, 
23 *** 37
0, 
23 *** 38
0, 
23 *** 39
4, 
23 *** 55
0, 
37 *** 38
0, 
37 *** 39
0, 
37 *** 55
0, 
38 *** 39
0, 
38 *** 55
0, 
39 *** 55
0, 
8 *** 9
0, 
10 *** 26
0, 
11 *** 27
0, 
12 *** 28
4, 
12 *** 29
4, 
12 *** 30
1, 
12 *** 44
4, 
12 *** 45
4, 
12 *** 46
1, 
12 *** 47
0, 
12 *** 62
1, 
12 *** 63
0, 
28 *** 29
0, 
28 *** 30
1, 
28 *** 44
0, 
28 *** 45
0, 
28 *** 46
1, 
28 *** 47
0, 
28 *** 62
1, 
28 *** 63
0, 
29 *** 30
1, 
29 *** 44
0, 
29 *** 45
0, 
29 *** 46
1, 
29 *** 47
0, 
29 *** 62
1, 
29 *** 63
0, 
30 *** 44
1, 
30 *** 45
1, 
30 *** 46
4, 
30 *** 47
0, 
30 *** 62
4, 
30 *** 63
0, 
44 *** 45
0, 
44 *** 46
1, 
44 *** 47
0, 
44 *** 62
1, 
44 *** 63
0, 
45 *** 46
1, 
45 *** 47
0, 
45 *** 62
1, 
45 *** 63
0, 
46 *** 47
0, 
46 *** 62
0, 
46 *** 63
0, 
47 *** 62
0, 
47 *** 63
0, 
62 *** 63
0, 
13 *** 31
0, 
18 *** 36
0, 
24 *** 40
3, 
24 *** 41
4, 
24 *** 56
3, 
24 *** 57
4, 
24 *** 73
0, 
40 *** 41
4, 
40 *** 56
3, 
40 *** 57
4, 
40 *** 73
0, 
41 *** 56
4, 
41 *** 57
4, 
41 *** 73
0, 
56 *** 57
4, 
56 *** 73
0, 
57 *** 73
0, 
25 *** 42
0, 
25 *** 58
0, 
25 *** 74
0, 
42 *** 58
4, 
42 *** 74
4, 
58 *** 74
3, 
34 *** 35
4, 
34 *** 51
0, 
34 *** 52
0, 
34 *** 68
0, 
35 *** 51
4, 
35 *** 52
4, 
35 *** 68
4, 
51 *** 52
0, 
51 *** 68
0, 
52 *** 68
0, 
48 *** 64
4, 
48 *** 80
4, 
64 *** 80
0, 
49 *** 67
1, 
53 *** 69
4, 
53 *** 70
4, 
53 *** 71
0, 
53 *** 85
4, 
53 *** 86
4, 
53 *** 87
4, 
53 *** 102
4, 
53 *** 103
4, 
69 *** 70
0, 
69 *** 71
4, 
69 *** 85
1, 
69 *** 86
0, 
69 *** 87
0, 
69 *** 102
0, 
69 *** 103
0, 
70 *** 71
4, 
70 *** 85
0, 
70 *** 86
0, 
70 *** 87
0, 
70 *** 102
0, 
70 *** 103
0, 
71 *** 85
4, 
71 *** 86
4, 
71 *** 87
4, 
71 *** 102
4, 
71 *** 103
4, 
85 *** 86
0, 
85 *** 87
0, 
85 *** 102
0, 
85 *** 103
0, 
86 *** 87
0, 
86 *** 102
0, 
86 *** 103
0, 
87 *** 102
0, 
87 *** 103
1, 
102 *** 103
0, 
54 *** 72
0, 
59 *** 75
4, 
59 *** 91
0, 
75 *** 91
0, 
60 *** 76
4, 
60 *** 77
4, 
60 *** 78
1, 
60 *** 92
4, 
60 *** 93
4, 
60 *** 94
1, 
60 *** 95
0, 
60 *** 109
0, 
60 *** 110
1, 
60 *** 111
0, 
60 *** 127
0, 
76 *** 77
4, 
76 *** 78
1, 
76 *** 92
4, 
76 *** 93
4, 
76 *** 94
1, 
76 *** 95
0, 
76 *** 109
0, 
76 *** 110
1, 
76 *** 111
0, 
76 *** 127
0, 
77 *** 78
1, 
77 *** 92
4, 
77 *** 93
4, 
77 *** 94
1, 
77 *** 95
0, 
77 *** 109
0, 
77 *** 110
1, 
77 *** 111
0, 
77 *** 127
0, 
78 *** 92
1, 
78 *** 93
1, 
78 *** 94
4, 
78 *** 95
0, 
78 *** 109
0, 
78 *** 110
4, 
78 *** 111
0, 
78 *** 127
0, 
92 *** 93
4, 
92 *** 94
1, 
92 *** 95
0, 
92 *** 109
0, 
92 *** 110
1, 
92 *** 111
0, 
92 *** 127
0, 
93 *** 94
1, 
93 *** 95
0, 
93 *** 109
0, 
93 *** 110
1, 
93 *** 111
0, 
93 *** 127
0, 
94 *** 95
0, 
94 *** 109
0, 
94 *** 110
4, 
94 *** 111
0, 
94 *** 127
0, 
95 *** 109
1, 
95 *** 110
0, 
95 *** 111
4, 
95 *** 127
1, 
109 *** 110
0, 
109 *** 111
1, 
109 *** 127
1, 
110 *** 111
0, 
110 *** 127
0, 
111 *** 127
1, 
61 *** 79
0, 
65 *** 66
4, 
65 *** 81
0, 
65 *** 82
0, 
65 *** 83
1, 
65 *** 84
4, 
65 *** 98
0, 
65 *** 99
0, 
65 *** 100
0, 
65 *** 116
0, 
66 *** 81
4, 
66 *** 82
4, 
66 *** 83
4, 
66 *** 84
0, 
66 *** 98
4, 
66 *** 99
4, 
66 *** 100
4, 
66 *** 116
4, 
81 *** 82
0, 
81 *** 83
0, 
81 *** 84
4, 
81 *** 98
0, 
81 *** 99
1, 
81 *** 100
0, 
81 *** 116
0, 
82 *** 83
0, 
82 *** 84
4, 
82 *** 98
0, 
82 *** 99
0, 
82 *** 100
0, 
82 *** 116
0, 
83 *** 84
4, 
83 *** 98
0, 
83 *** 99
0, 
83 *** 100
0, 
83 *** 116
0, 
84 *** 98
4, 
84 *** 99
4, 
84 *** 100
4, 
84 *** 116
4, 
98 *** 99
0, 
98 *** 100
0, 
98 *** 116
0, 
99 *** 100
0, 
99 *** 116
0, 
100 *** 116
0, 
88 *** 89
4, 
88 *** 104
0, 
88 *** 105
4, 
88 *** 120
0, 
88 *** 121
4, 
89 *** 104
4, 
89 *** 105
4, 
89 *** 120
4, 
89 *** 121
4, 
104 *** 105
4, 
104 *** 120
0, 
104 *** 121
4, 
105 *** 120
4, 
105 *** 121
1, 
120 *** 121
4, 
96 *** 112
4, 
96 *** 128
4, 
112 *** 128
4, 
97 *** 115
1, 
101 *** 117
0, 
101 *** 118
0, 
101 *** 134
0, 
117 *** 118
0, 
117 *** 134
0, 
118 *** 134
0, 
106 *** 122
0, 
106 *** 138
1, 
122 *** 138
1, 
107 *** 123
4, 
107 *** 139
4, 
123 *** 139
1, 
108 *** 126
1, 
113 *** 114
4, 
113 *** 129
4, 
113 *** 130
4, 
113 *** 131
1, 
113 *** 132
4, 
113 *** 145
1, 
113 *** 146
4, 
113 *** 147
4, 
113 *** 148
4, 
113 *** 163
1, 
113 *** 164
4, 
114 *** 129
4, 
114 *** 130
4, 
114 *** 131
4, 
114 *** 132
0, 
114 *** 145
1, 
114 *** 146
4, 
114 *** 147
4, 
114 *** 148
4, 
114 *** 163
1, 
114 *** 164
4, 
129 *** 130
4, 
129 *** 131
4, 
129 *** 132
4, 
129 *** 145
1, 
129 *** 146
1, 
129 *** 147
1, 
129 *** 148
1, 
129 *** 163
1, 
129 *** 164
1, 
130 *** 131
4, 
130 *** 132
4, 
130 *** 145
1, 
130 *** 146
4, 
130 *** 147
4, 
130 *** 148
1, 
130 *** 163
1, 
130 *** 164
1, 
131 *** 132
4, 
131 *** 145
1, 
131 *** 146
4, 
131 *** 147
4, 
131 *** 148
4, 
131 *** 163
1, 
131 *** 164
4, 
132 *** 145
1, 
132 *** 146
4, 
132 *** 147
4, 
132 *** 148
4, 
132 *** 163
1, 
132 *** 164
4, 
145 *** 146
1, 
145 *** 147
1, 
145 *** 148
1, 
145 *** 163
1, 
145 *** 164
1, 
146 *** 147
1, 
146 *** 148
1, 
146 *** 163
1, 
146 *** 164
1, 
147 *** 148
1, 
147 *** 163
1, 
147 *** 164
1, 
148 *** 163
1, 
148 *** 164
5, 
163 *** 164
1, 
124 *** 125
4, 
124 *** 140
1, 
124 *** 141
4, 
124 *** 142
1, 
124 *** 143
1, 
124 *** 156
1, 
124 *** 157
1, 
124 *** 158
1, 
124 *** 159
1, 
124 *** 174
1, 
124 *** 175
1, 
125 *** 140
4, 
125 *** 141
4, 
125 *** 142
1, 
125 *** 143
1, 
125 *** 156
4, 
125 *** 157
4, 
125 *** 158
1, 
125 *** 159
1, 
125 *** 174
1, 
125 *** 175
1, 
140 *** 141
1, 
140 *** 142
1, 
140 *** 143
1, 
140 *** 156
1, 
140 *** 157
1, 
140 *** 158
1, 
140 *** 159
1, 
140 *** 174
1, 
140 *** 175
1, 
141 *** 142
1, 
141 *** 143
1, 
141 *** 156
1, 
141 *** 157
1, 
141 *** 158
1, 
141 *** 159
1, 
141 *** 174
1, 
141 *** 175
1, 
142 *** 143
4, 
142 *** 156
1, 
142 *** 157
1, 
142 *** 158
1, 
142 *** 159
4, 
142 *** 174
1, 
142 *** 175
4, 
143 *** 156
1, 
143 *** 157
1, 
143 *** 158
4, 
143 *** 159
5, 
143 *** 174
4, 
143 *** 175
5, 
156 *** 157
1, 
156 *** 158
1, 
156 *** 159
1, 
156 *** 174
1, 
156 *** 175
1, 
157 *** 158
1, 
157 *** 159
1, 
157 *** 174
1, 
157 *** 175
1, 
158 *** 159
4, 
158 *** 174
1, 
158 *** 175
4, 
159 *** 174
4, 
159 *** 175
1, 
174 *** 175
4, 
136 *** 137
1, 
136 *** 153
0, 
137 *** 153
0, 
149 *** 150
1, 
149 *** 165
5, 
149 *** 166
1, 
149 *** 181
1, 
149 *** 182
1, 
150 *** 165
1, 
150 *** 166
5, 
150 *** 181
1, 
150 *** 182
5, 
165 *** 166
1, 
165 *** 181
1, 
165 *** 182
1, 
166 *** 181
1, 
166 *** 182
0, 
181 *** 182
1, 
154 *** 170
0, 
155 *** 171
0, 
155 *** 187
0, 
171 *** 187
0, 
160 *** 176
1, 
160 *** 192
1, 
176 *** 192
1, 
161 *** 177
5, 
161 *** 178
5, 
161 *** 179
1, 
161 *** 193
5, 
161 *** 194
5, 
161 *** 195
5, 
161 *** 196
5, 
161 *** 210
5, 
161 *** 211
5, 
161 *** 212
5, 
161 *** 228
5, 
177 *** 178
1, 
177 *** 179
5, 
177 *** 193
1, 
177 *** 194
1, 
177 *** 195
1, 
177 *** 196
1, 
177 *** 210
1, 
177 *** 211
1, 
177 *** 212
1, 
177 *** 228
1, 
178 *** 179
5, 
178 *** 193
1, 
178 *** 194
1, 
178 *** 195
1, 
178 *** 196
1, 
178 *** 210
1, 
178 *** 211
1, 
178 *** 212
1, 
178 *** 228
1, 
179 *** 193
5, 
179 *** 194
5, 
179 *** 195
5, 
179 *** 196
5, 
179 *** 210
5, 
179 *** 211
5, 
179 *** 212
5, 
179 *** 228
5, 
193 *** 194
1, 
193 *** 195
1, 
193 *** 196
1, 
193 *** 210
1, 
193 *** 211
1, 
193 *** 212
1, 
193 *** 228
1, 
194 *** 195
1, 
194 *** 196
2, 
194 *** 210
1, 
194 *** 211
1, 
194 *** 212
2, 
194 *** 228
1, 
195 *** 196
1, 
195 *** 210
1, 
195 *** 211
1, 
195 *** 212
1, 
195 *** 228
1, 
196 *** 210
1, 
196 *** 211
1, 
196 *** 212
2, 
196 *** 228
1, 
210 *** 211
1, 
210 *** 212
1, 
210 *** 228
2, 
211 *** 212
1, 
211 *** 228
1, 
212 *** 228
1, 
162 *** 180
1, 
167 *** 183
5, 
167 *** 199
1, 
183 *** 199
1, 
168 *** 184
0, 
168 *** 200
0, 
184 *** 200
0, 
172 *** 173
1, 
172 *** 188
0, 
172 *** 189
0, 
172 *** 190
1, 
172 *** 191
1, 
172 *** 205
0, 
172 *** 206
1, 
172 *** 207
1, 
172 *** 223
1, 
173 *** 188
0, 
173 *** 189
0, 
173 *** 190
1, 
173 *** 191
1, 
173 *** 205
0, 
173 *** 206
1, 
173 *** 207
1, 
173 *** 223
1, 
188 *** 189
0, 
188 *** 190
1, 
188 *** 191
1, 
188 *** 205
0, 
188 *** 206
1, 
188 *** 207
1, 
188 *** 223
1, 
189 *** 190
1, 
189 *** 191
1, 
189 *** 205
0, 
189 *** 206
1, 
189 *** 207
1, 
189 *** 223
1, 
190 *** 191
4, 
190 *** 205
1, 
190 *** 206
0, 
190 *** 207
4, 
190 *** 223
4, 
191 *** 205
1, 
191 *** 206
4, 
191 *** 207
0, 
191 *** 223
0, 
205 *** 206
1, 
205 *** 207
1, 
205 *** 223
1, 
206 *** 207
4, 
206 *** 223
4, 
207 *** 223
0, 
185 *** 201
5, 
185 *** 217
1, 
201 *** 217
1, 
186 *** 202
0, 
186 *** 203
0, 
186 *** 218
0, 
186 *** 219
0, 
186 *** 220
1, 
186 *** 235
1, 
186 *** 236
1, 
202 *** 203
0, 
202 *** 218
0, 
202 *** 219
0, 
202 *** 220
1, 
202 *** 235
1, 
202 *** 236
1, 
203 *** 218
0, 
203 *** 219
5, 
203 *** 220
1, 
203 *** 235
1, 
203 *** 236
1, 
218 *** 219
0, 
218 *** 220
1, 
218 *** 235
1, 
218 *** 236
1, 
219 *** 220
1, 
219 *** 235
1, 
219 *** 236
1, 
220 *** 235
1, 
220 *** 236
0, 
235 *** 236
1, 
197 *** 213
5, 
197 *** 214
5, 
197 *** 229
5, 
197 *** 230
5, 
197 *** 246
5, 
197 *** 263
5, 
197 *** 279
5, 
213 *** 214
1, 
213 *** 229
2, 
213 *** 230
1, 
213 *** 246
1, 
213 *** 263
0, 
213 *** 279
0, 
214 *** 229
1, 
214 *** 230
2, 
214 *** 246
2, 
214 *** 263
0, 
214 *** 279
0, 
229 *** 230
1, 
229 *** 246
1, 
229 *** 263
0, 
229 *** 279
0, 
230 *** 246
2, 
230 *** 263
0, 
230 *** 279
0, 
246 *** 263
0, 
246 *** 279
0, 
263 *** 279
0, 
204 *** 221
0, 
204 *** 222
1, 
204 *** 238
1, 
204 *** 239
1, 
204 *** 255
1, 
221 *** 222
1, 
221 *** 238
1, 
221 *** 239
1, 
221 *** 255
1, 
222 *** 238
0, 
222 *** 239
4, 
222 *** 255
4, 
238 *** 239
4, 
238 *** 255
4, 
239 *** 255
0, 
208 *** 224
0, 
209 *** 225
0, 
209 *** 226
1, 
209 *** 227
1, 
209 *** 241
0, 
209 *** 242
0, 
209 *** 243
0, 
209 *** 244
1, 
209 *** 259
0, 
209 *** 260
0, 
225 *** 226
0, 
225 *** 227
0, 
225 *** 241
0, 
225 *** 242
0, 
225 *** 243
1, 
225 *** 244
0, 
225 *** 259
0, 
225 *** 260
0, 
226 *** 227
1, 
226 *** 241
0, 
226 *** 242
0, 
226 *** 243
0, 
226 *** 244
2, 
226 *** 259
0, 
226 *** 260
0, 
227 *** 241
0, 
227 *** 242
0, 
227 *** 243
0, 
227 *** 244
1, 
227 *** 259
0, 
227 *** 260
0, 
241 *** 242
0, 
241 *** 243
0, 
241 *** 244
0, 
241 *** 259
1, 
241 *** 260
0, 
242 *** 243
0, 
242 *** 244
0, 
242 *** 259
0, 
242 *** 260
2, 
243 *** 244
0, 
243 *** 259
0, 
243 *** 260
0, 
244 *** 259
0, 
244 *** 260
0, 
259 *** 260
0, 
215 *** 231
5, 
215 *** 245
5, 
215 *** 247
5, 
215 *** 261
5, 
215 *** 262
5, 
215 *** 277
5, 
215 *** 278
5, 
231 *** 245
0, 
231 *** 247
2, 
231 *** 261
0, 
231 *** 262
1, 
231 *** 277
0, 
231 *** 278
0, 
245 *** 247
0, 
245 *** 261
0, 
245 *** 262
1, 
245 *** 277
0, 
245 *** 278
0, 
247 *** 261
0, 
247 *** 262
1, 
247 *** 277
0, 
247 *** 278
0, 
261 *** 262
0, 
261 *** 277
0, 
261 *** 278
0, 
262 *** 277
0, 
262 *** 278
0, 
277 *** 278
0, 
232 *** 248
2, 
232 *** 264
2, 
248 *** 264
2, 
233 *** 249
5, 
233 *** 265
5, 
249 *** 265
2, 
234 *** 250
0, 
234 *** 251
0, 
234 *** 252
1, 
234 *** 266
0, 
234 *** 267
0, 
234 *** 268
0, 
234 *** 282
0, 
234 *** 283
0, 
234 *** 284
0, 
250 *** 251
5, 
250 *** 252
0, 
250 *** 266
2, 
250 *** 267
0, 
250 *** 268
1, 
250 *** 282
2, 
250 *** 283
0, 
250 *** 284
1, 
251 *** 252
0, 
251 *** 266
5, 
251 *** 267
5, 
251 *** 268
5, 
251 *** 282
5, 
251 *** 283
5, 
251 *** 284
5, 
252 *** 266
0, 
252 *** 267
0, 
252 *** 268
0, 
252 *** 282
0, 
252 *** 283
0, 
252 *** 284
0, 
266 *** 267
0, 
266 *** 268
1, 
266 *** 282
2, 
266 *** 283
0, 
266 *** 284
1, 
267 *** 268
1, 
267 *** 282
0, 
267 *** 283
2, 
267 *** 284
1, 
268 *** 282
1, 
268 *** 283
1, 
268 *** 284
3, 
282 *** 283
0, 
282 *** 284
1, 
283 *** 284
1, 
237 *** 253
1, 
237 *** 254
0, 
237 *** 271
1, 
253 *** 254
1, 
253 *** 271
0, 
254 *** 271
1, 
240 *** 256
0, 
240 *** 272
1, 
256 *** 272
1, 
257 *** 258
0, 
257 *** 273
0, 
257 *** 274
0, 
257 *** 275
1, 
257 *** 276
0, 
258 *** 273
0, 
258 *** 274
0, 
258 *** 275
0, 
258 *** 276
3, 
273 *** 274
0, 
273 *** 275
0, 
273 *** 276
0, 
274 *** 275
0, 
274 *** 276
0, 
275 *** 276
0, 
269 *** 270
0, 
269 *** 285
5, 
269 *** 286
5, 
269 *** 287
0, 
269 *** 288
0, 
270 *** 285
0, 
270 *** 286
0, 
270 *** 287
0, 
270 *** 288
1, 
285 *** 286
0, 
285 *** 287
5, 
285 *** 288
0, 
286 *** 287
5, 
286 *** 288
0, 
287 *** 288
0, 
