2 *** 3
3, 
2 *** 4
3, 
2 *** 19
4, 
2 *** 20
3, 
3 *** 4
3, 
3 *** 19
4, 
3 *** 20
3, 
4 *** 19
4, 
4 *** 20
0, 
19 *** 20
4, 
5 *** 6
3, 
5 *** 21
1, 
5 *** 22
3, 
5 *** 23
3, 
5 *** 37
4, 
5 *** 38
3, 
5 *** 39
3, 
5 *** 55
4, 
6 *** 21
3, 
6 *** 22
0, 
6 *** 23
3, 
6 *** 37
4, 
6 *** 38
0, 
6 *** 39
3, 
6 *** 55
4, 
21 *** 22
3, 
21 *** 23
3, 
21 *** 37
4, 
21 *** 38
3, 
21 *** 39
3, 
21 *** 55
4, 
22 *** 23
3, 
22 *** 37
4, 
22 *** 38
0, 
22 *** 39
3, 
22 *** 55
4, 
23 *** 37
4, 
23 *** 38
3, 
23 *** 39
1, 
23 *** 55
4, 
37 *** 38
4, 
37 *** 39
4, 
37 *** 55
3, 
38 *** 39
3, 
38 *** 55
4, 
39 *** 55
4, 
8 *** 9
5, 
10 *** 26
5, 
11 *** 27
5, 
12 *** 28
1, 
12 *** 29
1, 
12 *** 30
3, 
12 *** 44
1, 
12 *** 45
1, 
12 *** 46
3, 
12 *** 47
4, 
12 *** 62
3, 
12 *** 63
4, 
28 *** 29
5, 
28 *** 30
3, 
28 *** 44
5, 
28 *** 45
5, 
28 *** 46
3, 
28 *** 47
4, 
28 *** 62
3, 
28 *** 63
4, 
29 *** 30
3, 
29 *** 44
5, 
29 *** 45
5, 
29 *** 46
3, 
29 *** 47
4, 
29 *** 62
3, 
29 *** 63
4, 
30 *** 44
3, 
30 *** 45
3, 
30 *** 46
1, 
30 *** 47
4, 
30 *** 62
1, 
30 *** 63
4, 
44 *** 45
5, 
44 *** 46
3, 
44 *** 47
4, 
44 *** 62
3, 
44 *** 63
4, 
45 *** 46
3, 
45 *** 47
4, 
45 *** 62
3, 
45 *** 63
4, 
46 *** 47
4, 
46 *** 62
5, 
46 *** 63
4, 
47 *** 62
4, 
47 *** 63
5, 
62 *** 63
4, 
13 *** 31
4, 
18 *** 36
3, 
24 *** 40
0, 
24 *** 41
7, 
24 *** 56
0, 
24 *** 57
7, 
24 *** 73
4, 
40 *** 41
7, 
40 *** 56
0, 
40 *** 57
7, 
40 *** 73
4, 
41 *** 56
7, 
41 *** 57
1, 
41 *** 73
4, 
56 *** 57
7, 
56 *** 73
4, 
57 *** 73
4, 
25 *** 42
3, 
25 *** 58
3, 
25 *** 74
3, 
42 *** 58
1, 
42 *** 74
1, 
58 *** 74
0, 
34 *** 35
0, 
34 *** 51
3, 
34 *** 52
3, 
34 *** 68
3, 
35 *** 51
0, 
35 *** 52
0, 
35 *** 68
0, 
51 *** 52
3, 
51 *** 68
3, 
52 *** 68
3, 
48 *** 64
1, 
48 *** 80
1, 
64 *** 80
5, 
49 *** 67
3, 
53 *** 69
0, 
53 *** 70
0, 
53 *** 71
3, 
53 *** 85
0, 
53 *** 86
0, 
53 *** 87
0, 
53 *** 102
0, 
53 *** 103
0, 
69 *** 70
3, 
69 *** 71
0, 
69 *** 85
4, 
69 *** 86
3, 
69 *** 87
3, 
69 *** 102
3, 
69 *** 103
3, 
70 *** 71
0, 
70 *** 85
3, 
70 *** 86
3, 
70 *** 87
3, 
70 *** 102
3, 
70 *** 103
3, 
71 *** 85
0, 
71 *** 86
0, 
71 *** 87
0, 
71 *** 102
0, 
71 *** 103
0, 
85 *** 86
3, 
85 *** 87
3, 
85 *** 102
3, 
85 *** 103
3, 
86 *** 87
3, 
86 *** 102
3, 
86 *** 103
3, 
87 *** 102
3, 
87 *** 103
4, 
102 *** 103
3, 
54 *** 72
3, 
59 *** 75
1, 
59 *** 91
4, 
75 *** 91
4, 
60 *** 76
1, 
60 *** 77
1, 
60 *** 78
3, 
60 *** 92
1, 
60 *** 93
1, 
60 *** 94
3, 
60 *** 95
4, 
60 *** 109
4, 
60 *** 110
3, 
60 *** 111
4, 
60 *** 127
4, 
76 *** 77
1, 
76 *** 78
3, 
76 *** 92
1, 
76 *** 93
1, 
76 *** 94
3, 
76 *** 95
4, 
76 *** 109
4, 
76 *** 110
3, 
76 *** 111
4, 
76 *** 127
4, 
77 *** 78
3, 
77 *** 92
1, 
77 *** 93
1, 
77 *** 94
3, 
77 *** 95
4, 
77 *** 109
4, 
77 *** 110
3, 
77 *** 111
4, 
77 *** 127
4, 
78 *** 92
3, 
78 *** 93
3, 
78 *** 94
1, 
78 *** 95
4, 
78 *** 109
4, 
78 *** 110
1, 
78 *** 111
4, 
78 *** 127
4, 
92 *** 93
7, 
92 *** 94
3, 
92 *** 95
4, 
92 *** 109
4, 
92 *** 110
3, 
92 *** 111
4, 
92 *** 127
4, 
93 *** 94
3, 
93 *** 95
4, 
93 *** 109
4, 
93 *** 110
3, 
93 *** 111
4, 
93 *** 127
4, 
94 *** 95
4, 
94 *** 109
4, 
94 *** 110
1, 
94 *** 111
4, 
94 *** 127
4, 
95 *** 109
3, 
95 *** 110
4, 
95 *** 111
1, 
95 *** 127
5, 
109 *** 110
4, 
109 *** 111
3, 
109 *** 127
3, 
110 *** 111
4, 
110 *** 127
4, 
111 *** 127
5, 
61 *** 79
4, 
65 *** 66
1, 
65 *** 81
5, 
65 *** 82
5, 
65 *** 83
3, 
65 *** 84
1, 
65 *** 98
5, 
65 *** 99
5, 
65 *** 100
5, 
65 *** 116
5, 
66 *** 81
1, 
66 *** 82
1, 
66 *** 83
1, 
66 *** 84
5, 
66 *** 98
1, 
66 *** 99
1, 
66 *** 100
1, 
66 *** 116
1, 
81 *** 82
5, 
81 *** 83
5, 
81 *** 84
1, 
81 *** 98
5, 
81 *** 99
3, 
81 *** 100
5, 
81 *** 116
5, 
82 *** 83
5, 
82 *** 84
1, 
82 *** 98
5, 
82 *** 99
5, 
82 *** 100
5, 
82 *** 116
5, 
83 *** 84
1, 
83 *** 98
5, 
83 *** 99
5, 
83 *** 100
5, 
83 *** 116
5, 
84 *** 98
1, 
84 *** 99
1, 
84 *** 100
1, 
84 *** 116
1, 
98 *** 99
5, 
98 *** 100
5, 
98 *** 116
5, 
99 *** 100
5, 
99 *** 116
5, 
100 *** 116
5, 
88 *** 89
0, 
88 *** 104
3, 
88 *** 105
7, 
88 *** 120
3, 
88 *** 121
7, 
89 *** 104
0, 
89 *** 105
0, 
89 *** 120
0, 
89 *** 121
0, 
104 *** 105
7, 
104 *** 120
3, 
104 *** 121
7, 
105 *** 120
7, 
105 *** 121
4, 
120 *** 121
7, 
96 *** 112
1, 
96 *** 128
1, 
112 *** 128
1, 
97 *** 115
3, 
101 *** 117
5, 
101 *** 118
5, 
101 *** 134
5, 
117 *** 118
5, 
117 *** 134
5, 
118 *** 134
5, 
106 *** 122
3, 
106 *** 138
4, 
122 *** 138
4, 
107 *** 123
0, 
107 *** 139
0, 
123 *** 139
4, 
108 *** 126
3, 
113 *** 114
1, 
113 *** 129
1, 
113 *** 130
1, 
113 *** 131
3, 
113 *** 132
1, 
113 *** 145
5, 
113 *** 146
1, 
113 *** 147
1, 
113 *** 148
1, 
113 *** 163
5, 
113 *** 164
1, 
114 *** 129
1, 
114 *** 130
1, 
114 *** 131
1, 
114 *** 132
5, 
114 *** 145
5, 
114 *** 146
1, 
114 *** 147
1, 
114 *** 148
1, 
114 *** 163
5, 
114 *** 164
1, 
129 *** 130
1, 
129 *** 131
1, 
129 *** 132
1, 
129 *** 145
5, 
129 *** 146
3, 
129 *** 147
3, 
129 *** 148
4, 
129 *** 163
5, 
129 *** 164
4, 
130 *** 131
1, 
130 *** 132
1, 
130 *** 145
5, 
130 *** 146
1, 
130 *** 147
1, 
130 *** 148
4, 
130 *** 163
5, 
130 *** 164
4, 
131 *** 132
1, 
131 *** 145
5, 
131 *** 146
1, 
131 *** 147
1, 
131 *** 148
1, 
131 *** 163
5, 
131 *** 164
1, 
132 *** 145
5, 
132 *** 146
1, 
132 *** 147
1, 
132 *** 148
1, 
132 *** 163
5, 
132 *** 164
1, 
145 *** 146
5, 
145 *** 147
5, 
145 *** 148
5, 
145 *** 163
3, 
145 *** 164
5, 
146 *** 147
3, 
146 *** 148
4, 
146 *** 163
5, 
146 *** 164
4, 
147 *** 148
4, 
147 *** 163
5, 
147 *** 164
4, 
148 *** 163
5, 
148 *** 164
2, 
163 *** 164
5, 
124 *** 125
0, 
124 *** 140
4, 
124 *** 141
7, 
124 *** 142
3, 
124 *** 143
3, 
124 *** 156
4, 
124 *** 157
4, 
124 *** 158
3, 
124 *** 159
3, 
124 *** 174
3, 
124 *** 175
3, 
125 *** 140
0, 
125 *** 141
0, 
125 *** 142
3, 
125 *** 143
3, 
125 *** 156
0, 
125 *** 157
0, 
125 *** 158
3, 
125 *** 159
3, 
125 *** 174
3, 
125 *** 175
3, 
140 *** 141
4, 
140 *** 142
3, 
140 *** 143
3, 
140 *** 156
4, 
140 *** 157
4, 
140 *** 158
3, 
140 *** 159
3, 
140 *** 174
3, 
140 *** 175
3, 
141 *** 142
3, 
141 *** 143
3, 
141 *** 156
4, 
141 *** 157
4, 
141 *** 158
3, 
141 *** 159
3, 
141 *** 174
3, 
141 *** 175
3, 
142 *** 143
0, 
142 *** 156
3, 
142 *** 157
3, 
142 *** 158
4, 
142 *** 159
0, 
142 *** 174
4, 
142 *** 175
0, 
143 *** 156
3, 
143 *** 157
3, 
143 *** 158
0, 
143 *** 159
1, 
143 *** 174
0, 
143 *** 175
1, 
156 *** 157
4, 
156 *** 158
3, 
156 *** 159
3, 
156 *** 174
3, 
156 *** 175
3, 
157 *** 158
3, 
157 *** 159
3, 
157 *** 174
3, 
157 *** 175
3, 
158 *** 159
0, 
158 *** 174
4, 
158 *** 175
0, 
159 *** 174
0, 
159 *** 175
4, 
174 *** 175
0, 
136 *** 137
4, 
136 *** 153
3, 
137 *** 153
3, 
149 *** 150
4, 
149 *** 165
2, 
149 *** 166
4, 
149 *** 181
5, 
149 *** 182
4, 
150 *** 165
4, 
150 *** 166
2, 
150 *** 181
5, 
150 *** 182
2, 
165 *** 166
4, 
165 *** 181
5, 
165 *** 182
4, 
166 *** 181
5, 
166 *** 182
5, 
181 *** 182
5, 
154 *** 170
3, 
155 *** 171
3, 
155 *** 187
3, 
171 *** 187
3, 
160 *** 176
4, 
160 *** 192
4, 
176 *** 192
4, 
161 *** 177
1, 
161 *** 178
1, 
161 *** 179
3, 
161 *** 193
1, 
161 *** 194
1, 
161 *** 195
1, 
161 *** 196
1, 
161 *** 210
1, 
161 *** 211
1, 
161 *** 212
1, 
161 *** 228
1, 
177 *** 178
3, 
177 *** 179
1, 
177 *** 193
4, 
177 *** 194
4, 
177 *** 195
3, 
177 *** 196
4, 
177 *** 210
4, 
177 *** 211
4, 
177 *** 212
4, 
177 *** 228
4, 
178 *** 179
1, 
178 *** 193
4, 
178 *** 194
4, 
178 *** 195
3, 
178 *** 196
4, 
178 *** 210
4, 
178 *** 211
4, 
178 *** 212
4, 
178 *** 228
4, 
179 *** 193
1, 
179 *** 194
1, 
179 *** 195
1, 
179 *** 196
1, 
179 *** 210
1, 
179 *** 211
1, 
179 *** 212
1, 
179 *** 228
1, 
193 *** 194
4, 
193 *** 195
4, 
193 *** 196
4, 
193 *** 210
4, 
193 *** 211
3, 
193 *** 212
4, 
193 *** 228
4, 
194 *** 195
4, 
194 *** 196
3, 
194 *** 210
4, 
194 *** 211
4, 
194 *** 212
3, 
194 *** 228
4, 
195 *** 196
4, 
195 *** 210
4, 
195 *** 211
4, 
195 *** 212
4, 
195 *** 228
4, 
196 *** 210
4, 
196 *** 211
4, 
196 *** 212
5, 
196 *** 228
4, 
210 *** 211
4, 
210 *** 212
4, 
210 *** 228
3, 
211 *** 212
4, 
211 *** 228
4, 
212 *** 228
4, 
162 *** 180
4, 
167 *** 183
2, 
167 *** 199
5, 
183 *** 199
5, 
168 *** 184
5, 
168 *** 200
5, 
184 *** 200
5, 
172 *** 173
4, 
172 *** 188
3, 
172 *** 189
3, 
172 *** 190
3, 
172 *** 191
3, 
172 *** 205
3, 
172 *** 206
3, 
172 *** 207
3, 
172 *** 223
3, 
173 *** 188
3, 
173 *** 189
3, 
173 *** 190
3, 
173 *** 191
3, 
173 *** 205
3, 
173 *** 206
3, 
173 *** 207
3, 
173 *** 223
3, 
188 *** 189
3, 
188 *** 190
3, 
188 *** 191
3, 
188 *** 205
3, 
188 *** 206
3, 
188 *** 207
3, 
188 *** 223
3, 
189 *** 190
3, 
189 *** 191
3, 
189 *** 205
3, 
189 *** 206
3, 
189 *** 207
3, 
189 *** 223
3, 
190 *** 191
0, 
190 *** 205
3, 
190 *** 206
3, 
190 *** 207
0, 
190 *** 223
0, 
191 *** 205
3, 
191 *** 206
0, 
191 *** 207
3, 
191 *** 223
3, 
205 *** 206
3, 
205 *** 207
3, 
205 *** 223
3, 
206 *** 207
0, 
206 *** 223
0, 
207 *** 223
3, 
185 *** 201
2, 
185 *** 217
5, 
201 *** 217
5, 
186 *** 202
5, 
186 *** 203
5, 
186 *** 218
5, 
186 *** 219
5, 
186 *** 220
4, 
186 *** 235
5, 
186 *** 236
4, 
202 *** 203
5, 
202 *** 218
5, 
202 *** 219
5, 
202 *** 220
4, 
202 *** 235
5, 
202 *** 236
4, 
203 *** 218
5, 
203 *** 219
2, 
203 *** 220
4, 
203 *** 235
5, 
203 *** 236
4, 
218 *** 219
5, 
218 *** 220
4, 
218 *** 235
5, 
218 *** 236
4, 
219 *** 220
4, 
219 *** 235
5, 
219 *** 236
4, 
220 *** 235
5, 
220 *** 236
5, 
235 *** 236
5, 
197 *** 213
1, 
197 *** 214
1, 
197 *** 229
1, 
197 *** 230
1, 
197 *** 246
1, 
197 *** 263
1, 
197 *** 279
1, 
213 *** 214
4, 
213 *** 229
5, 
213 *** 230
4, 
213 *** 246
4, 
213 *** 263
3, 
213 *** 279
3, 
214 *** 229
4, 
214 *** 230
5, 
214 *** 246
5, 
214 *** 263
3, 
214 *** 279
3, 
229 *** 230
4, 
229 *** 246
4, 
229 *** 263
3, 
229 *** 279
3, 
230 *** 246
5, 
230 *** 263
3, 
230 *** 279
3, 
246 *** 263
3, 
246 *** 279
3, 
263 *** 279
3, 
204 *** 221
3, 
204 *** 222
3, 
204 *** 238
3, 
204 *** 239
3, 
204 *** 255
3, 
221 *** 222
3, 
221 *** 238
3, 
221 *** 239
3, 
221 *** 255
3, 
222 *** 238
3, 
222 *** 239
0, 
222 *** 255
0, 
238 *** 239
0, 
238 *** 255
0, 
239 *** 255
3, 
208 *** 224
3, 
209 *** 225
3, 
209 *** 226
4, 
209 *** 227
3, 
209 *** 241
3, 
209 *** 242
3, 
209 *** 243
3, 
209 *** 244
4, 
209 *** 259
3, 
209 *** 260
3, 
225 *** 226
3, 
225 *** 227
3, 
225 *** 241
3, 
225 *** 242
3, 
225 *** 243
3, 
225 *** 244
3, 
225 *** 259
3, 
225 *** 260
3, 
226 *** 227
4, 
226 *** 241
3, 
226 *** 242
3, 
226 *** 243
3, 
226 *** 244
3, 
226 *** 259
3, 
226 *** 260
3, 
227 *** 241
3, 
227 *** 242
3, 
227 *** 243
3, 
227 *** 244
4, 
227 *** 259
3, 
227 *** 260
3, 
241 *** 242
3, 
241 *** 243
3, 
241 *** 244
3, 
241 *** 259
3, 
241 *** 260
3, 
242 *** 243
3, 
242 *** 244
3, 
242 *** 259
3, 
242 *** 260
3, 
243 *** 244
3, 
243 *** 259
3, 
243 *** 260
3, 
244 *** 259
3, 
244 *** 260
3, 
259 *** 260
3, 
215 *** 231
1, 
215 *** 245
1, 
215 *** 247
1, 
215 *** 261
1, 
215 *** 262
1, 
215 *** 277
1, 
215 *** 278
1, 
231 *** 245
3, 
231 *** 247
5, 
231 *** 261
3, 
231 *** 262
4, 
231 *** 277
3, 
231 *** 278
3, 
245 *** 247
3, 
245 *** 261
3, 
245 *** 262
4, 
245 *** 277
3, 
245 *** 278
3, 
247 *** 261
3, 
247 *** 262
4, 
247 *** 277
3, 
247 *** 278
3, 
261 *** 262
3, 
261 *** 277
3, 
261 *** 278
3, 
262 *** 277
3, 
262 *** 278
3, 
277 *** 278
3, 
232 *** 248
5, 
232 *** 264
5, 
248 *** 264
5, 
233 *** 249
1, 
233 *** 265
1, 
249 *** 265
5, 
234 *** 250
4, 
234 *** 251
4, 
234 *** 252
4, 
234 *** 266
4, 
234 *** 267
4, 
234 *** 268
4, 
234 *** 282
4, 
234 *** 283
4, 
234 *** 284
4, 
250 *** 251
1, 
250 *** 252
4, 
250 *** 266
5, 
250 *** 267
5, 
250 *** 268
4, 
250 *** 282
5, 
250 *** 283
5, 
250 *** 284
4, 
251 *** 252
4, 
251 *** 266
1, 
251 *** 267
1, 
251 *** 268
1, 
251 *** 282
1, 
251 *** 283
1, 
251 *** 284
1, 
252 *** 266
4, 
252 *** 267
4, 
252 *** 268
4, 
252 *** 282
4, 
252 *** 283
4, 
252 *** 284
4, 
266 *** 267
5, 
266 *** 268
4, 
266 *** 282
5, 
266 *** 283
5, 
266 *** 284
4, 
267 *** 268
4, 
267 *** 282
5, 
267 *** 283
5, 
267 *** 284
4, 
268 *** 282
4, 
268 *** 283
4, 
268 *** 284
6, 
282 *** 283
5, 
282 *** 284
4, 
283 *** 284
4, 
237 *** 253
5, 
237 *** 254
5, 
237 *** 271
5, 
253 *** 254
5, 
253 *** 271
5, 
254 *** 271
5, 
240 *** 256
3, 
240 *** 272
4, 
256 *** 272
4, 
257 *** 258
3, 
257 *** 273
3, 
257 *** 274
3, 
257 *** 275
3, 
257 *** 276
3, 
258 *** 273
3, 
258 *** 274
3, 
258 *** 275
3, 
258 *** 276
2, 
273 *** 274
3, 
273 *** 275
3, 
273 *** 276
3, 
274 *** 275
3, 
274 *** 276
3, 
275 *** 276
3, 
269 *** 270
4, 
269 *** 285
1, 
269 *** 286
1, 
269 *** 287
5, 
269 *** 288
4, 
270 *** 285
4, 
270 *** 286
4, 
270 *** 287
4, 
270 *** 288
4, 
285 *** 286
5, 
285 *** 287
1, 
285 *** 288
4, 
286 *** 287
1, 
286 *** 288
4, 
287 *** 288
4, 
